135.42  75.90 LEU  125 
 74.98  93.30 GLY  126 
 39.19  48.80 GLY  127 
 61.29  28.90 TYR  128 
100.97  52.10 MET  129 
 75.11  42.10 LEU  130 
 32.96  41.00 GLY  131 
 50.47  43.30 SER  132 
 54.91  50.90 ALA  133 
 10.69   5.50 MET  134 
106.27  91.20 SER  135 
143.60  60.30 ARG  136 
 46.34  34.10 PRO  137 
112.85  58.30 MET  138 
 39.89  20.60 MET  139 
127.80  69.90 HIS  140 
 26.59  13.30 PHE  141 
 66.08  82.20 GLY  142 
 49.83  34.60 ASN  143 
100.84  71.80 ASP  144 
162.45  65.20 TRP  145 
 21.98  12.80 GLU  146 
  8.50   6.10 ASP  147 
111.03  46.70 ARG  148 
 52.59  24.80 TYR  149 
  4.53   2.10 TYR  150 
118.80  49.90 ARG  151 
109.14  63.40 GLU  152 
 32.15  22.30 ASN  153 
 25.63  13.20 MET  154 
130.66  90.70 ASN  155 
157.08  66.00 ARG  156 
 13.15   6.20 TYR  157 
  7.94   5.80 PRO  158 
 42.34  29.40 ASN  159 
 64.87  36.40 GLN  160 
  0.00   0.00 VAL  161 
 44.95  21.20 TYR  162 
  7.29   3.40 TYR  163 
 70.34  29.60 ARG  164 
 45.79  33.70 PRO  165 
 12.75   8.40 VAL  166 
 88.98  63.40 ASP  167 
120.37  67.60 GLN  168 
 45.18  21.30 TYR  169 
140.44  97.50 ASN  170 
 61.75  42.90 ASN  171 
 55.77  31.30 GLN  172 
 99.59  69.10 ASN  173 
 56.18  39.00 ASN  174 
  1.21   0.60 PHE  175 
  4.89   3.20 VAL  176 
111.54  61.00 HIS  177 
 37.86  27.00 ASP  178 
  0.65   0.50 CYS  179 
 16.40  10.80 VAL  180 
 59.38  41.20 ASN  181 
  5.28   3.00 ILE  182 
  1.31   0.90 THR  183 
 17.72  10.10 ILE  184 
106.86  53.40 LYS  185 
 43.50  24.40 GLN  186 
 53.67  29.30 HIS  187 
 17.85  12.80 THR  188 
 96.65  63.80 VAL  189 
 67.80  48.70 THR  190 
 12.55   9.00 THR  191 
 66.66  47.90 THR  192 
112.46  80.80 THR  193 
166.39  83.10 LYS  194 
 68.52  85.30 GLY  195 
 55.60  32.30 GLU  196 
124.40  86.30 ASN  197 
 63.87  32.00 PHE  198 
 56.06  40.30 THR  199 
150.32  87.30 GLU  200 
 67.15  48.20 THR  201 
 10.77   7.70 ASP  202 
 38.40  21.90 ILE  203 
127.29  63.60 LYS  204 
  0.29   0.20 ILE  205 
  3.65   1.90 MET  206 
 61.67  35.80 GLU  207 
 63.54  26.70 ARG  208 
  6.46   4.30 VAL  209 
  0.32   0.20 VAL  210 
 73.32  42.60 GLU  211 
 67.74  38.00 GLN  212 
 27.73  14.30 MET  213 
  0.00   0.00 CYS  214 
 29.65  21.30 THR  215 
 36.63  26.30 THR  216 
 22.27  12.50 GLN  217 
 17.16   8.10 TYR  218 
 74.46  41.80 GLN  219 
 92.61  46.30 LYS  220 
 50.01  29.00 GLU  221 
 45.28  38.90 SER  222 
102.13  57.30 GLN  223 
 56.48  52.40 ALA  224 
150.31  70.90 TYR  225 
181.89  85.80 TYR  226 
115.96  82.60 ASP  227 
 90.89 113.10 GLY  228 
